0.0
464.20924187513396 341.2390106611842
668.9494541473618 477.1174756737663
365.43022201011155 654.4212887596198
108.93024695289414 78.52029662316716
370.40434627069027 109.69977576934056
36.22911256102215 420.92273995666966
156.65681534978538 178.28158870870462
301.92446451274196 188.31467719762747
404.24898632380774 247.36066826376526
370.7656786837443 520.4810541595381
386.5825178012562 94.54059292299942
489.2102394926848 513.5724982361279
222.30957265074807 609.7853419245752
115.52993117672585 634.1448027427504
121.69562668825624 633.474160124666
167.15852622860638 381.991288625048
566.1524797879556 593.1012694009618
656.762301863495 299.49450907294016
261.90514167256316 407.001293704745
251.69851234119164 209.501232037629
7.877722785020658 381.19588571720044
201.58503426109334 269.87655651338326
613.8788616916452 455.0470801625646
335.63861939679407 260.92096576710316
298.0390782433528 452.8675177172493
535.2470527107843 271.73576840582535
482.19788775271803 471.9777185952265
437.9249007918043 423.4004069842965
390.56006998717146 182.91548345266298
126.36055875282409 160.47693692993892
1.0
464.20924187513396 341.2390106611842
668.9494541473618 477.1174756737663
365.43022201011155 654.4212887596198
108.93024695289414 78.52029662316716
370.40434627069027 109.69977576934056
36.22911256102215 420.92273995666966
156.65681534978538 178.28158870870462
301.92446451274196 188.31467719762747
404.24898632380774 247.36066826376526
370.7656786837443 520.4810541595381
386.5825178012562 94.54059292299942
489.2102394926848 513.5724982361279
222.30957265074807 609.7853419245752
115.52993117672585 634.1448027427504
121.69562668825624 633.474160124666
167.15852622860638 381.991288625048
566.1524797879556 593.1012694009618
656.762301863495 299.49450907294016
261.90514167256316 407.001293704745
251.69851234119164 209.501232037629
7.877722785020658 381.19588571720044
201.58503426109334 269.87655651338326
613.8788616916452 455.0470801625646
335.63861939679407 260.92096576710316
298.0390782433528 452.8675177172493
535.2470527107843 271.73576840582535
482.19788775271803 471.9777185952265
437.9249007918043 423.4004069842965
390.56006998717146 182.91548345266298
126.36055875282409 160.47693692993892
2.0
464.20924187513396 341.2390106611842
668.9494541473618 477.1174756737663
365.43022201011155 654.4212887596198
108.93024695289414 78.52029662316716
370.40434627069027 109.69977576934056
36.22911256102215 420.92273995666966
156.65681534978538 178.28158870870462
301.92446451274196 188.31467719762747
404.24898632380774 247.36066826376526
370.7656786837443 520.4810541595381
386.5825178012562 94.54059292299942
489.2102394926848 513.5724982361279
222.30957265074807 609.7853419245752
115.52993117672585 634.1448027427504
121.69562668825624 633.474160124666
167.15852622860638 381.991288625048
566.1524797879556 593.1012694009618
656.762301863495 299.49450907294016
261.90514167256316 407.001293704745
251.69851234119164 209.501232037629
7.877722785020658 381.19588571720044
201.58503426109334 269.87655651338326
613.8788616916452 455.0470801625646
335.63861939679407 260.92096576710316
298.0390782433528 452.8675177172493
535.2470527107843 271.73576840582535
482.19788775271803 471.9777185952265
437.9249007918043 423.4004069842965
390.56006998717146 182.91548345266298
126.36055875282409 160.47693692993892
3.0
464.20924187513396 341.2390106611842
668.9494541473618 477.1174756737663
365.43022201011155 654.4212887596198
108.93024695289414 78.52029662316716
370.40434627069027 109.69977576934056
36.22911256102215 420.92273995666966
156.65681534978538 178.28158870870462
301.92446451274196 188.31467719762747
404.24898632380774 247.36066826376526
370.7656786837443 520.4810541595381
386.5825178012562 94.54059292299942
489.2102394926848 513.5724982361279
222.30957265074807 609.7853419245752
115.52993117672585 634.1448027427504
121.69562668825624 633.474160124666
167.15852622860638 381.991288625048
566.1524797879556 593.1012694009618
656.762301863495 299.49450907294016
261.90514167256316 407.001293704745
251.69851234119164 209.501232037629
7.877722785020658 381.19588571720044
201.58503426109334 269.87655651338326
613.8788616916452 455.0470801625646
335.63861939679407 260.92096576710316
298.0390782433528 452.8675177172493
535.2470527107843 271.73576840582535
482.19788775271803 471.9777185952265
437.9249007918043 423.4004069842965
390.56006998717146 182.91548345266298
126.36055875282409 160.47693692993892
4.0
464.20924187513396 341.2390106611842
668.9494541473618 477.1174756737663
365.43022201011155 654.4212887596198
108.93024695289414 78.52029662316716
370.40434627069027 109.69977576934056
36.22911256102215 420.92273995666966
156.65681534978538 178.28158870870462
301.92446451274196 188.31467719762747
404.24898632380774 247.36066826376526
370.7656786837443 520.4810541595381
386.5825178012562 94.54059292299942
489.2102394926848 513.5724982361279
222.30957265074807 609.7853419245752
115.52993117672585 634.1448027427504
121.69562668825624 633.474160124666
167.15852622860638 381.991288625048
566.1524797879556 593.1012694009618
656.762301863495 299.49450907294016
261.90514167256316 407.001293704745
251.69851234119164 209.501232037629
7.877722785020658 381.19588571720044
201.58503426109334 269.87655651338326
613.8788616916452 455.0470801625646
335.63861939679407 260.92096576710316
298.0390782433528 452.8675177172493
535.2470527107843 271.73576840582535
482.19788775271803 471.9777185952265
437.9249007918043 423.4004069842965
390.56006998717146 182.91548345266298
126.36055875282409 160.47693692993892
