30
700.0
70.0
6.710763307139653
8.701766755966819
8.40002809922986
29.17427698879786
10.416684735664635
12.151152388170203
34.613573383555604
5.236169315534398
11.922852778112812
27.42737586281801
33.04533504370336
32.68057720523903
36.00978260509947
15.680077080940112
29.793930734906837
25.834351173914428
31.162990739829702
29.627061393931218
22.230684722051276
22.268165203939244
26.521458435531933
28.707459374943774
9.674454136964773
38.720270266100044
16.169276375629565
23.803719187480596
4.984471703829989
33.508620421932505
34.961131764292254
19.678162788151113
